5.087481011238349782e-02
1.994517104259409535e-01
3.898407373291953859e-02
1.111011772834213929e-02
1.284087111096893045e-02
4.268171007394398753e-03
1.236189662980394927e-03
5.413123045903408398e-03
3.158753560758338023e-03
5.465029882423823315e-02
1.740660163592823786e-02
3.158237516992894178e-03
4.691185647023965455e-02
4.159605266608938923e-01
8.397574454201339397e-03
1.561747456574021043e-03
4.153661386243340942e-02
1.029810986191906765e-04
1.089707886662732474e-03
5.724165125526844977e-02
6.895577299511043371e-06
2.588928549562403980e-02
3.687517804951200386e-04
2.613396693382098301e-03
1.773777583516302641e-04
3.147821603602408980e-02
4.996632260547945832e-04
7.837607304487122922e-03
6.790199743182548722e-03
4.543969889973226151e-02
8.898512080893479330e-04
1.885811148539703148e-03
4.882528689075018441e-02
5.410414785176762882e-05
7.009986531342193286e-04
9.952882784127927817e-05
6.501057067769385779e-03
1.344177908612200489e-01
3.801998050172001979e-03
1.737369897129307020e-02
7.910541340439425015e-03
1.866378709159053338e-04
8.194471630232593373e-04
1.642790213167623359e-02
7.814466217772230100e-04
7.556566137634846466e-04
6.894698154345238472e-02
1.374542482499663135e-03
3.049135380917186158e-04
2.735182518156413153e-02
4.444716810487879255e-01
7.353648629720415525e-03
7.890829454912774796e-04
2.046512604099581523e-01
7.998200375980477062e-02
9.435658780064404977e-04
6.106487428918021612e-03
5.695412859956379935e-03
1.279094396464811110e-04
3.108284247272717713e-03
5.236010507060857231e-05
8.524128551780406696e-04
1.413413398681428448e-03
1.773642792314959749e-02
1.492155558187009744e-04
1.544288249511500677e-01
2.555789635482194687e-04
9.052911475232866805e-04
3.963566070597459266e-03
3.235628105852900172e-03
2.422194291948245436e-03
1.259624866802169785e-02
5.400380240706794321e-04
2.994356697334295617e-02
8.992949560604471260e-02
2.130288944991956686e-04
2.526233088215680870e-04
1.842932401662811823e-04
2.254605284375709416e-03
4.472721666790427375e-02
4.705675934857359577e-01
2.170494011553108366e-02
8.349584901862016446e-05
6.376014048771761747e-04
5.102511962496556635e-05
1.182975376451245349e-03
2.676151480196234389e-02
1.841099896517824075e-04
1.534846483884951289e-03
6.357031495212670533e-04
5.127529829928893779e-02
8.812129918426543640e-02
1.878218911492513595e-04
8.045586905297056040e-04
6.805203079120383247e-01
1.262877415641849854e-01
2.616397815737119795e-04
4.470686671165667071e-03
4.102765983988165008e-04
3.300568492038054302e-02
1.333039859534428063e-03
2.236045467936124617e-02
5.307975814437947137e-02
2.194559644590550213e-03
5.700999057083109070e-03
8.902471030894104241e-04
1.386133200968853001e-03
1.445726411359476472e-04
1.148980101650446881e-02
6.819367463631953799e-04
9.531184805592826659e-03
6.650559401478344825e-05
6.422151668878069760e-04
2.927455370978390183e-03
1.820816075631708758e-05
1.616690597378713391e-03
3.616534512104926935e-02
6.719403900048149325e-06
3.057083397894374936e-03
1.164624598168513825e-01
9.085723960518008531e-05
5.546157760790800710e-04
1.062246580911364131e-03
2.534910410676878209e-02
1.824090026142495893e-02
1.496150580712496576e-02
8.658409669062236760e-03
9.590626433879562152e-02
4.629117783423774613e-04
5.716578396427932085e-03
1.606198282420784546e-03
1.771499338584026214e-03
2.071454491982073765e-01
4.725444855144099281e-03
8.228986761879299432e-04
1.444510135079200494e-02
2.563066967291427857e-04
5.204693610647321590e-03
3.271847539334956479e-05
3.887084856979650073e-04
3.266250904785937309e-04
1.348232013002681126e-02
5.155083773942515518e-03
2.621165726376196992e-03
2.473689762097070182e-04
1.495341341192357319e-04
1.522874867227405138e-03
3.781901660106207815e-03
4.142912827571136299e-04
8.024132320211721514e-03
8.334834275744846394e-03
2.064548171426511909e-05
5.232227121009955196e-04
4.414890991888846457e-05
2.491808171256507387e-01
2.050539439835718722e-02
1.989861818853629321e-03
6.439007259836610910e-06
1.479190794632115552e-03
1.257083131119909186e-03
1.258629193743149577e-01
3.731335128870100909e-04
7.237441292304963006e-05
6.608329423122899157e-03
1.140214935818761963e-03
3.830412598360734555e-01
7.443152259030658439e-04
1.111398542819032548e-03
1.249635538775701914e-05
3.495386424995532756e-03
3.572862344018914050e-03
3.350555364907757076e-03
1.712446371678248980e-01
1.962082142108091763e-03
1.296708566427117459e-01
8.701236010475957294e-02
1.038681316841139485e-01
2.450800583774257260e-02
3.049860615506726214e-02
4.276194767090370913e-03
4.902702705525893018e-03
1.922864781458859598e-02
1.380428150639152404e-02
1.964390326539222197e-03
1.689256239882015176e-01
6.643704880159525834e-04
1.129387966096116307e-04
1.432493785948750487e-02
8.461465573277540285e-04
1.611437667038237214e-03
4.998529727897033076e-05
1.996307457788462202e-03
6.797305263450742138e-04
2.309320278255756287e-04
6.756333616138061882e-02
8.586677668176078348e-05
4.761332086180182629e-04
7.036438420703634844e-02
1.250724415919186594e-01
2.228217813626896804e-02
1.254344026677879989e-02
6.245613087560612960e-03
2.741423964573120806e-03
1.516222462221314404e-02
7.720075072108536877e-03
5.645709134128312073e-02
7.831592839034971776e-02
3.172410118621110664e-02
7.218944837319776590e-03
4.910140535214390506e-03
6.563089685143009633e-04
5.091508241923951345e-05
5.322144509801811016e-03
2.987097732442394252e-02
1.958735244403150139e-02
9.027684570230514946e-03
8.704805453391226827e-03
1.189400153879502852e-03
1.297408517542278459e-03
1.127264363136257774e-01
4.643232955325577935e-03
1.988997063843102407e-03
5.011749010833009207e-03
3.470441846693666783e-04
6.064372141702985969e-02
5.123837061546177019e-02
4.617951922212425175e-02
2.784768581961586092e-03
2.160014749013566913e-03
1.893884408901018489e-03
3.157375804926648016e-02
1.503715230400944763e-02
4.142772627524575133e-03
5.696598235316840432e-03
3.412275283164040857e-02
2.672619970805223746e-03
7.392691048999267163e-03
4.008077487492973240e-02
1.112843675201211080e-02
5.394499690960042005e-05
1.455423332812651876e-02
8.045431217561536952e-03
1.805661053989462712e-03
5.551588445099639099e-03
1.398666402443048823e-02
8.392800532063432462e-01
1.882217406346255520e-02
5.374193059577399983e-02
2.852408898934431433e-02
1.452817497158695979e-02
8.084386261687646208e-03
1.434803231617892416e-01
2.211592056628927097e-04
2.636224242815510049e-04
1.775864838799742383e-03
1.020262648244799585e-02
1.873928873110415963e-02
4.734710282322495724e-03
2.712115234669484334e-04
1.575770105806746210e-05
4.278261265182142087e-03
1.195499182964198347e-02
8.714311107353488000e-05
5.076305796374412649e-02
1.872288661561924070e-02
2.078859099459488997e-03
3.894277593195392896e-04
9.042425532151801559e-02
2.177388281678025936e-02
1.783164669167929027e-03
9.854176861665822976e-03
1.566274824102598323e-03
9.312329949090200143e-04
4.127219055482080415e-03
9.423411467685677539e-04
7.045576898764427040e-03
1.078835780146223007e-02
9.622202317928618687e-02
1.312885325465585151e-05
1.504403814396160222e-02
1.189803787366027488e-01
1.685844989359047350e-02
9.178893145023030511e-03
8.816340646703151734e-03
1.360036755694675990e-02
6.460614596308251198e-04
2.014011357349026754e-01
1.944958946054319016e-02
2.599872572237668655e-02
2.368816508313504720e-03
2.189663993277273966e-04
3.623850755123677963e-04
2.008882781287680414e-02
3.632727569566244086e-03
3.375106308989345161e-02
7.127435775612440321e-05
5.335644613483792043e-02
1.200232533352746324e-04
1.976139525196456224e-03
1.814006153863331749e-03
1.980128190622559847e-02
9.474559893617273687e-02
1.014583521031801579e-03
4.414879830976574035e-03
9.671449628002672149e-04
7.148404970825031498e-05
1.293706514648753324e-02
3.329463297873502727e-03
2.217808151996936237e-03
6.924858578555041430e-04
3.717857854960500419e-02
1.664440588206860547e-04
1.842043817929389996e-02
1.992869484925446910e-02
3.342295251611110375e-05
3.052581304981781974e-03
4.016144900437246257e-02
1.389651573992456424e-03
1.432353568886717627e-05
5.127026748420283669e-04
7.922162406700449314e-03
5.878612244539363008e-04
1.414941854967992352e-01
8.136860653654055678e-04
5.444616102537010345e-03
5.150625759172737517e-03
3.485317844504542181e-03
9.563212875512808219e-05
2.503649440205633382e-03
3.365004265363698288e-02
2.747094163621256573e-03
2.731055460732223343e-04
1.437836223519237296e-02
1.629347879477203043e-04
2.193535425490106272e-02
9.310578524718572668e-02
1.546703267391145596e-04
4.251159140356013691e-05
1.696002247055565237e-01
1.139975126819712109e-01
2.399052476206528584e-05
3.312595388356128824e-04
3.307051560448282662e-02
1.575410343584542289e-03
7.044383490210986976e-02
4.549711539417439915e-02
8.780553115771513872e-02
1.099018306770973702e-01
8.492020641684883131e-02
1.520835806513120246e-02
1.221937109426902035e-04
2.877402839007457691e-02
6.365529501309775842e-05
5.132160960743871805e-03
6.454652770254752925e-01
1.239414392576522993e-02
3.943869991839207279e-01
5.852926769855292845e-03
1.549250549289670452e-02
5.023145078506836210e-06
2.418202133561587076e-05
5.171325839899586913e-02
8.550838245308337582e-01
1.770751646250049993e-01
6.038687071262002857e-04
2.107620949465307256e-04
3.290895279125115769e-04
4.723895251575726401e-02
7.289776841326475743e-02
3.899520561448920086e-04
4.262569169029290644e-02
4.167613067087123750e-03
2.726817317202964164e-01
1.462821451752736781e-05
8.984578971364950506e-04
1.059455127076662967e-04
3.018412034613890751e-02
8.810169145405780805e-03
1.735880698941929265e-03
9.614495945267764743e-02
3.039225672592217251e-02
3.320272599688717718e-04
4.252085054370260964e-02
2.386208816020932589e-03
5.287072495532648547e-02
9.588607049819861672e-01
1.750522706464351444e-03
3.178914760885133894e-04
2.190952032657093596e-01
6.079039687516151202e-01
1.367505713265850225e-03
3.463602158023210381e-04
1.487481431023862481e-02
2.446931883734889367e-03
6.894309376304191524e-04
5.928285552315219059e-02
4.071369762277967340e-03
7.835128171112943490e-03
7.274263358767383419e-03
9.854216343712430756e-03
6.559210467911905096e-02
5.180779394859381243e-02
8.592644269236337519e-05
4.457320929441502678e-04
1.386232694402043236e-04
1.843685397015320734e-02
1.629333728933178918e-02
3.467679124498958872e-03
5.096886842867260486e-02
3.475955158294038311e-02
1.779927782748016519e-03
9.302086323178273414e-03
9.526344913150404381e-02
9.824293897541830790e-04
1.079020354914514207e-03
1.496436927136403187e-02
5.130795554737097031e-02
1.126086983842525778e-03
5.145745123779810366e-03
8.878555430289525362e-04
1.003061750007672691e-02
5.137464036055130892e-04
2.698169095921337975e-03
1.238196332810050028e-04
5.103035164606531436e-04
5.701021761739566733e-04
9.923089892315469299e-03
2.142603705171013465e-03
1.801715041743667941e-03
3.000613806630169078e-01
5.640747846397390353e-01
7.756617744167843172e-03
1.133904532223114604e-05
4.778037366242984460e-03
6.039952674920246768e-03
4.326316202980384643e-04
4.609217959654888196e-03
1.174624788939043207e-01
6.284012984867747963e-04
1.675648171154005966e-02
4.289723385104925873e-03
3.334281342903785278e-02
1.046953483891499532e-04
7.737681122806398457e-03
7.716936873061164791e-04
3.408588206718451540e-03
5.131084670890194476e-04
6.321246489198584619e-04
2.833970995140296231e-04
1.852756468166319448e-02
1.973091895591394876e-02
6.798110345839089574e-02
1.285267166424792530e-02
3.097460983048165237e-03
1.393464319353541515e-03
2.518046961154935329e-02
6.387086318374236571e-01
3.252029573525264811e-02
9.653601613986930244e-03
8.445296592211128149e-04
1.485463268345366562e-03
6.100701575235987356e-03
2.870511927643371042e-03
7.218377974338904260e-04
5.292333143280377123e-04
5.405480552011014857e-03
1.432267648609866805e-04
8.724143888858171270e-03
1.490410813321398943e-02
3.745789790343226648e-04
2.421242085526237320e-02
2.189266060909847086e-02
2.447739289585929880e-04
1.281662988683530046e-04
2.226608735619865082e-03
3.207823430893411154e-02
5.259120198100576682e-03
1.536888124474104951e-02
1.120376703958895484e-03
2.571277380112119365e-04
7.548817383312394613e-04
3.298563075775353347e-04
2.501807626555536935e-04
4.371699129610114032e-03
2.590745614897865812e-01
2.910333274359444208e-03
3.330662280003850693e-03
6.072726662655364427e-02
7.338337585636046500e-04
4.184566625208668687e-05
2.406389169981500709e-01
1.850528287379573505e-02
2.380755481138632432e-02
3.638966090916657958e-02
4.653582578599982318e-05
2.829754668395305112e-03
2.633194952008608390e-03
8.095161092245582724e-03
2.227678597381337056e-01
4.536081821254862395e-05
1.592701637519974064e-03
1.853207127079417246e-02
5.266972484741423190e-03
2.874757012536273656e-05
1.924190502049377216e-03
1.734256389475842682e-04
1.014033164700414366e-02
2.191025054608271988e-03
2.127070630507490318e-02
3.212346809528867503e-02
9.582146329090383829e-02
3.486842674858840474e-01
1.346412767525423599e-03
1.969326265352318583e-01
2.603701194846047215e-03
1.760396125495082001e-03
4.667051387032181663e-04
1.032233179729026443e-04
8.621534382944073815e-02
9.584121564968580461e-05
1.302473449998495063e-02
1.841432774281728108e-02
6.074406685622695846e-03
7.909196097624417165e-02
6.007003023470092878e-02
2.464807887032598589e-04
2.265009675745791734e-02
9.516716854421920899e-05
1.117066432195333993e-05
6.151406416308761657e-04
1.528304030460142732e-03
1.055702025730451132e-03
3.863504894782920853e-04
6.006228204060580500e-02
6.071984665497337248e-04
6.594823500846488384e-01
5.372871228551861014e-04
2.962029818794215726e-03
4.144500629248908477e-04
8.052328670264503278e-04
3.814580139452109723e-04
9.145497271610750212e-02
5.050247433621898050e-04
2.651613465985717174e-03
3.169178630340944713e-01
9.012358076298079878e-04
7.246617180993336106e-04
1.637845092199002178e-02
1.599025468785580592e-02
1.528411990553435636e-03
3.458794026335365373e-05
3.657983576292661229e-04
4.984585408360184787e-03
1.906696705806928082e-04
1.650830411694262064e-03
6.914313761182292817e-04
7.470436036824949127e-04
3.688659031614871802e-04
4.006772446886732396e-04
3.114530937581844855e-04
1.479253480143755139e-04
9.131322790522136343e-03
2.345006426837933922e-02
1.567089557820399977e-04
3.133190636839650045e-01
2.117025955212559901e-02
2.957297320244321303e-03
2.957122017638851279e-03
4.162150911975615996e-04
3.000077116910453492e-02
1.539557955650761208e-03
1.809556120783246611e-03
3.409984238567610130e-04
3.373327255317652429e-01
9.284726193321624424e-03
6.647604412519951891e-03
9.612435296570419384e-04
9.679984369121727119e-06
7.464643168225110030e-03
8.682712629867658230e-04
1.780365901519200499e-04
1.532249710528729020e-03
5.981758259729242369e-05
5.136459241476661053e-02
1.321072021718402642e-03
1.510023231802002930e-01
1.290242212687665695e-02
4.298943663588883357e-02
9.792380623066586440e-04
5.067674693379448786e-03
3.025667116306928750e-01
1.132241342604888663e-03
4.808467034877215128e-03
3.465502342481949771e-01
7.513575187972081244e-03
9.595854968069186515e-05
2.499222755318713379e-02
4.478623226071329344e-03
8.236269914990063806e-03
1.914849419369608549e-02
1.041855825865418105e-02
1.245037977135460814e-04
4.637038087003616561e-04
2.296422829427221049e-02
2.321041240440987474e-01
1.609176024611103442e-02
1.469480753447907151e-03
4.416395757516807137e-03
8.528844551224837962e-04
4.318809228552241428e-04
5.458368578695384221e-02
6.424740842115711503e-01
1.432212767810341980e-04
1.646499324437738067e-04
6.895684539516049255e-04
2.851871263684771247e-03
1.503182639362638613e-03
2.394613680394801073e-04
7.248195864247312416e-03
7.878850703921019827e-02
4.938258259798415928e-01
2.240127111665724587e-04
2.886357041601731593e-02
1.429313135165212879e-04
4.472055777459963549e-03
9.559615819872279915e-03
1.119397029144903778e-02
1.408433235304485179e-02
1.718563703598777193e-01
2.344674760594780288e-04
1.486780026380233113e-03
7.812079299650646728e-03
1.765937742017633649e-01
1.516359541971583065e-04
5.229477649019306784e-03
1.440663026056634944e-05
7.885550761011294414e-04
1.471280658536850642e-03
1.655572988821909456e-03
7.485747338917784089e-04
4.548462859693227361e-02
1.368334291712911965e-05
2.127215980105567547e-02
3.279689477582823243e-04
9.286883718466249285e-03
2.988591527190617952e-04
2.037170124066955620e-02
3.090741142954514173e-02
1.350409095529343795e-01
4.244099055692598737e-04
1.995683236373431424e-01
1.122716413048108902e-01
1.907004023380157176e-01
2.997680680023533106e-03
1.394702812397692893e-01
6.990243896878725952e-04
1.704707980320107619e-01
5.019067366255186222e-03
1.158052522226853684e-03
3.907103084121689839e-06
1.266537448732192985e-03
9.312299986040568217e-03
2.084267940382814911e-03
6.037009532967865799e-02
1.608156247624804858e-02
4.739148540181272427e-03
9.142905216001026309e-04
2.359027352706748182e-02
1.182905850645545910e-02
4.351380506353533240e-02
2.839004741091969569e-02
7.985900735721199878e-03
5.045826092923704626e-02
9.726982503314376841e-04
3.732764400012210273e-04
2.025235456279598318e-04
1.831555605109119050e-02
9.808681196042615125e-02
1.819976648476341954e-02
4.028555424004414548e-02
3.870644751834979858e-02
1.614336395959532105e-04
1.342403402660358224e-03
4.863713959524394378e-03
1.956843145564043651e-01
9.435727411999788108e-03
1.347815387795853748e-01
2.449568317755252290e-03
5.342071902164429419e-03
4.963680001422136542e-03
2.200268854426341500e-02
8.139906080959888671e-03
9.759611373697095471e-03
6.140523410515674740e-02
2.848323684187519401e-04
1.180773385326883314e-02
1.486369628690338042e-03
6.182548158630592065e-05
1.953288021786522637e-04
9.175890127269936258e-04
1.582696366319463234e-04
4.159137861533605991e-03
2.109015373001033727e-02
1.559754642277671804e-03
1.084247770491398623e-02
9.133849778504468230e-04
6.799038557718437709e-03
1.135199829376743645e-03
4.523093022448888834e-02
7.361412796524689859e-04
9.862345620588226502e-01
7.022270484728278944e-04
1.544175624759504825e-04
4.691473351734897651e-04
3.911328164760904946e-03
6.172462091450769961e-01
1.215050942909977165e-03
1.879303355839451878e-02
1.731881142640959159e-02
3.907368733952486239e-02
1.283715468401903925e-02
2.647469680881685966e-02
1.782710835030331883e-02
1.286562001145801978e-02
6.038540272591452242e-03
2.862460990030809985e-04
9.367549792027170599e-03
3.018748222347570481e-02
1.291813853201398930e-02
4.252918366241289203e-04
8.121194538513620180e-04
2.040367138379323587e-03
1.449655597187073282e-05
1.756116558655610111e-03
3.048702162375054037e-02
3.590178794956072183e-03
5.439371581757533993e-04
1.826148845057634987e-02
6.054088708011364645e-02
3.843652286906100446e-02
3.782952856277115722e-02
6.306306903923049822e-05
1.552460674771282030e-02
1.263487430305746100e-03
1.519154315413131194e-02
2.160654858976773958e-03
8.955998541296701643e-03
9.994528162065767496e-02
1.287956138603107113e-03
1.487827444411061496e-03
1.822058117120655503e-03
1.528609239506859840e-01
1.047426744645364613e-04
3.496756049846605420e-04
2.476221159251673284e-02
2.929036002317807934e-04
4.845654957468027435e-01
6.701652161747327641e-02
2.459180526026217076e-02
1.064300436241881606e-03
1.361988090610595590e-03
8.230054520737595941e-03
4.660426844168656657e-02
6.110211453865042712e-05
3.673688278381374850e-03
3.149995557456176324e-03
3.562549984221104714e-03
1.950414292748129481e-03
1.188229250824063277e-02
5.680639425325186703e-02
7.783640471211331069e-02
2.398092106608348817e-02
4.502603771768351471e-02
3.117083084645934859e-05
2.541852343860683677e-04
6.833188861195475632e-03
2.911593979375728253e-02
1.403639677621777411e-03
1.263870505157576804e-02
6.084288132874284471e-04
4.097216137636557195e-04
2.318734536967781684e-03
3.777763810683656270e-02
1.748898940132723439e-03
7.226102736888532704e-03
4.744244109202628602e-03
3.709758681563813266e-03
4.624636238981723492e-05
1.154172395740790391e-01
5.778077906021232167e-04
8.866687317301580676e-03
6.965828391404358874e-03
2.017348215779351389e-02
2.586376446968332785e-02
8.801282942707203127e-02
8.930517926270946025e-03
3.174806443278132477e-04
2.316675416667995577e-02
1.161964501050070236e-02
9.092242954247878577e-04
3.782652493416859544e-05
2.544683578441740354e-02
6.352206768013717725e-03
6.371330818522272232e-03
5.146550410505789904e-04
1.269707266537448110e-04
1.548304702957754020e-01
2.789824657404329751e-04
3.034025323621406306e-05
7.609345016015132035e-05
4.516745896419316342e-03
2.933987735299113317e-02
3.263906543131822081e-03
2.701975775383860245e-01
3.884115828594505299e-02
4.248288545025307242e-03
1.057331398816260945e-03
1.207887402277142176e-02
7.975217608079961107e-03
4.936132780548176113e-02
7.674410506513707278e-03
4.910803593673730878e-03
1.819660506327598071e-01
2.395782987443745987e-02
5.333263267931849836e-05
9.004425654813728776e-04
3.641655903858990843e-04
4.646171792803544106e-04
3.036614445171817098e-02
6.633966310334377591e-06
4.323986388589570176e-04
6.578395836447018322e-03
1.291464227823675356e-02
5.770990324112689196e-01
1.275023487324476366e-04
7.419438977801108949e-04
2.345993165671607990e-04
1.482774270921466288e-05
1.364776171534366582e-02
2.368961468519668878e-02
1.718587584877011613e-04
7.752657330206422781e-01
1.935235916829890321e-04
1.254338610518422300e-04
8.024276616770707748e-03
2.311447045885077489e-02
1.866681777214537112e-03
2.668165277819193465e-02
5.461942570266330177e-02
6.836643501281760779e-03
2.498210548422054897e-04
6.391513160293654577e-04
3.902629049891249784e-04
2.971633347765408745e-02
3.756411393192515195e-04
4.167239687406894093e-03
5.978011916042517103e-03
1.040639580900687838e-01
6.209237337029275411e-02
5.927751760619204974e-03
3.033796730804392758e-02
5.736303063109382191e-03
4.245611356625580458e-03
3.961061866081831890e-04
1.770099705666702177e-04
5.091542955896655349e-04
9.406236223953613751e-02
2.359444093092863057e-02
1.037176254817100823e-02
6.636463005727038199e-03
1.080356862494137723e-03
3.708831843074163193e-02
2.988485519062607926e-03
1.640544738305750594e-03
7.588447019065625498e-04
5.011187793972122242e-05
5.856067493335091918e-03
4.197927109030549650e-05
9.729340814851429120e-04
2.654468385613265816e-03
3.568520715452506639e-03
1.216524045700739971e-02
7.693868075517947989e-04
1.967637095291864622e-04
1.463340859717276359e-03
8.553184064890171495e-03
1.495217095792034379e-01
1.744314167769882903e-03
2.087793641742121797e-03
1.103415902579627932e-04
7.492345237665561574e-04
6.718690881306453469e-05
1.277319249425725367e-03
4.324514999461922735e-03
9.411284078219429861e-03
4.885339751063653285e-02
1.394470432699507489e-01
3.762635420910491317e-04
6.988956791049971131e-04
1.831919638213880264e-02
9.096791984021340011e-03
2.235039122845700055e-03
1.993868175946276523e-04
5.828838302880260183e-04
7.976264011964442945e-04
1.418597334724141590e-03
1.394936139044660817e-03
1.311584617553689103e-02
2.299466610782260889e-01
8.047669750152236512e-02
1.754303261804921257e-02
5.493008585625318817e-03
1.738641077674313307e-02
6.636604738374858822e-06
3.009467211122477878e-02
5.309404150262720945e-01
3.059156385844070125e-01
2.283297914242532825e-02
1.236721106572800965e-04
6.942441244930119305e-04
4.659314532371974099e-03
6.318811490803402393e-04
1.143311949120866201e-04
2.325418400236384936e-02
5.479013518234056388e-04
2.146068547614678971e-03
4.511358026866089249e-03
7.509828181255194524e-04
4.887542161971369405e-03
1.571350109771367943e-04
1.400187684101217994e-02
5.067986175856075380e-03
9.600626906933530137e-04
1.000156019504253035e-01
4.553404736629225735e-01
1.794643903310743846e-02
1.469586496944919182e-03
6.031321509179388834e-03
8.981883446082145907e-05
8.743492976008786222e-02
6.344094566034107381e-04
2.431916222654189469e-02
1.356762180730774203e-01
2.395002490185573485e-01
1.176577716868583206e-03
1.999453165027103019e-01
1.880246053771364879e-03
2.258884623543695421e-04
4.543137081035519484e-03
1.135021630975984001e-04
9.416302780234976633e-02
1.816316792980379957e-05
1.001574290166477925e-04
1.292136747522510732e-04
2.224141891656409849e-04
7.613401433604654244e-04
1.449224674582965527e-02
6.322376808687780146e-03
2.134155963247713617e-02
5.907058780565434958e-03
2.984275665080068918e-01
1.091187987117471329e-02
1.481744325731312807e-04
2.371140468318227556e-04
4.884707082506190706e-02
7.608155623114993106e-05
4.341506159041370536e-03
5.791681418818872291e-04
2.912838272988202523e-04
2.790615880308273608e-02
2.487491176461294781e-04
3.585526386254386799e-02
4.950493469936638469e-02
4.013558810346952270e-03
5.193835568076109752e-04
2.033081332326977866e-02
3.748734689264462266e-02
4.803824804568592247e-03
2.907778528820284189e-02
6.183894558652858024e-03
4.854141912610721770e-04
1.397365840827911225e-03
3.255992505390213707e-04
1.137040347506748129e-02
1.387097183698677957e-05
3.877426384372811147e-03
9.043635966560162212e-05
7.870619645518099833e-04
3.967840916472730184e-01
1.249591442920111248e-02
2.624694036536723632e-03
1.717707043588373320e-04
1.416702863258103174e-03
8.635116153418095908e-03
1.139091486693186682e-03
3.412309503104040288e-03
9.368230721788994853e-03
1.397542712813018833e-04
1.364259403656039628e-02
2.879621451296354023e-02
9.553515226204334354e-01
5.241637424037314252e-01
8.903438439058193321e-01
8.352940236968054988e-01
8.670629736645959484e-01
6.053441983033024804e-02
3.099714395401415024e-01
3.483500370067399432e-01
9.565290558981818236e-01
3.886912618124786778e-02
6.553769704247621730e-01
5.978145013095196303e-01
4.466590311215299508e-02
9.651101459908125735e-01
8.467524308873098926e-01
2.746534585241333995e-02
8.246533658375844178e-01
6.705945170517266796e-01
7.586929178420449560e-01
6.246404710928932236e-01
3.262479478873766547e-01
9.872502410230349357e-01
8.927584789017943834e-01
9.097662844995475784e-02
7.861837894226069157e-01
6.603974469564208860e-01
4.868807977899347050e-01
6.446966046435280706e-01
8.842636355567798923e-01
4.171513662908142850e-01
2.085276644357499654e-01
7.987289641176176236e-01
1.195779345399012317e-01
9.250360314775286641e-01
9.924922331230626726e-01
1.562528251642375798e-01
9.306283179602680145e-01
1.383052281642397352e-01
7.604576313191752091e-01
2.423767060718015065e-01
5.525701709741963619e-01
4.224870270153782692e-02
3.271369396224206305e-01
7.969213856657653139e-01
9.105342594694762481e-02
5.517315125159751865e-01
6.494284803509329240e-01
6.118766462628248970e-01
9.673834480061169749e-01
9.771868985092910798e-01
7.636929521214463890e-01
3.476314980137124588e-01
1.848262174859042761e-01
9.219030146695705863e-01
4.190403314270164659e-01
7.598671492422133245e-01
2.453262472167090924e-01
2.005737197634941960e-01
9.871559892193045860e-01
5.075890995527069238e-01
8.760996472912148114e-01
8.510954964845761639e-01
9.557751351017242936e-01
1.379565286036886773e-01
2.683841453864915239e-01
2.243261414728926206e-01
3.054645584445331644e-02
1.951356921807369249e-01
5.833704959392753686e-01
3.605991766443429891e-01
1.255442755814787925e-01
3.472117689992743061e-01
6.514822110869255001e-01
1.206107599384909079e-01
1.338529771633982790e-01
9.620746112189800803e-01
4.976438756097564253e-01
9.217653334728491687e-01
6.009721985222524765e-01
9.935303400836333898e-01
2.789195676084878506e-01
7.774042606769462349e-01
6.747684877672053272e-01
7.521226070745508085e-01
3.907369494491542694e-01
5.632071631501619491e-01
1.204660732567058995e-01
5.439031849506532623e-01
3.250513135996745823e-02
5.582398816602863745e-01
2.916529995223735572e-01
4.785797609854730572e-02
9.084741552878078386e-01
2.792985644670398226e-01
3.323049965170669640e-01
6.144424218561962414e-01
4.315896194309044587e-01
5.333461934555818740e-01
9.292933279329936846e-01
6.645590651906979618e-01
