2.869485163962625651e-01
6.929027065217456816e-01
1.807747257693676224e-01
3.528668914875798812e-02
1.054031139084574270e-01
3.648803654867244922e-02
4.362704690483734660e-03
1.969644009196641968e-02
8.905196341022375908e-03
3.406270659528855549e-01
6.050384278000841415e-02
1.105438069517511099e-02
1.716149829137431360e-01
8.943183084279944239e-01
2.246199608004268919e-02
5.280945758581067316e-03
2.562834581854840921e-01
1.475525432636231465e-04
2.269860243052948274e-03
4.486735197425631982e-01
2.816164149374586622e-05
1.784948861772304163e-01
7.870591210767653679e-04
8.961589434640392093e-03
4.547109383733251580e-04
1.783434488512104787e-01
1.041905506905706951e-03
4.311064850185132580e-02
2.422365861421800146e-02
5.011840729343282064e-01
2.096817396118059312e-03
5.938386545135024286e-03
3.422417435668722585e-01
1.016346075235118133e-04
7.867950187205095900e-04
5.233654679722147185e-04
2.974807422691038913e-02
2.580192127467159646e-01
1.994857317613045813e-02
1.168762977546866644e-01
2.090663194281536588e-02
3.222536290983364052e-04
5.917539604207395360e-03
5.052488107248367250e-02
2.957365405491812864e-03
3.308417954610728268e-03
5.011873753036825141e-01
8.725528337013909591e-03
1.148044611214315246e-03
2.933953327984744064e-01
9.111390731016646427e-01
3.798962768486204011e-02
3.577015435865447696e-03
7.369341141144608587e-01
4.486222867430285643e-01
2.364375184839805945e-03
2.464372185447186517e-02
1.418659109415813281e-02
6.187578636022288440e-04
1.479703778968840568e-02
1.060606303716278190e-04
3.269292304004555068e-03
1.501479191211058453e-02
1.903017848535173695e-01
2.677757585171010616e-04
7.538071388692768604e-01
5.888997955257133793e-04
1.233120341600972862e-03
3.222838245526756656e-02
5.236518182891681736e-03
4.824723421739850887e-03
5.684555833607517206e-02
1.717248354386220451e-03
2.098737225611556068e-01
4.543884520288888895e-01
3.436847937626756762e-04
1.375105170640185956e-03
5.424416032824517240e-04
6.086274282277003012e-03
1.839006319156559488e-01
9.661273634149171174e-01
1.269858485812502269e-01
3.218903225594448351e-04
1.713813107033939015e-03
1.651085792576411943e-04
8.799304185922670468e-03
7.279831345884713034e-02
4.164226236452001030e-04
4.274415745696599246e-03
2.254774070355107778e-03
3.068144005917144979e-01
3.550009586625976210e-01
1.181281644163148558e-03
2.730571118313943491e-03
9.777074049261879063e-01
7.399446129140894168e-01
2.347460688929817651e-04
1.738716512776943696e-02
1.405261899415442611e-03
1.459974181488214451e-01
3.460886494427110622e-03
8.755330434951133500e-02
3.131260382946605136e-01
1.600302042712379094e-02
1.800690549456553449e-02
2.406403280601627972e-03
3.843119871383927997e-03
7.480295300784005428e-04
3.488612660305010632e-02
8.774158845408119162e-03
1.279713971977362863e-01
1.428127391571049087e-04
1.672530818911620570e-03
7.319351023583841459e-03
3.420987171775517375e-05
3.687351636727655146e-03
2.343658034637340348e-01
6.683394630599399093e-06
1.782960836828539897e-02
6.394535691759243301e-01
9.858525298061589931e-05
2.259722676085354834e-03
3.733798854009824641e-03
1.799495804900807516e-01
1.428932305369568778e-01
1.497342254736856448e-01
5.711575290498595997e-02
3.519694354313383511e-01
1.997164756299410742e-03
2.319474890879494669e-02
2.455876589769252598e-03
7.899473445610179570e-03
6.720779777976629843e-01
1.693452492040277771e-02
1.159320894708844481e-02
7.180985564218200778e-02
5.424796831171908602e-04
3.749138099099465216e-02
5.602033704382792162e-05
6.923463686055986686e-04
6.257414702660515481e-04
7.142937248339749357e-02
4.270007608376168856e-02
4.498495008833217935e-03
3.688974384357642856e-04
1.974474320780455789e-04
4.767251374690666642e-03
3.933753631092621640e-03
8.806331065903650300e-04
2.742891519205167480e-02
6.736409379677371634e-02
4.078287934370770934e-05
3.571124203045610013e-03
8.443080512993538108e-05
8.178945102856632898e-01
1.616526895712136480e-01
5.787636418450067648e-03
1.104093869623312402e-05
5.109155677710187221e-03
1.605059809149267380e-03
5.189408766821385077e-01
1.676756365887639580e-03
7.453737837297243413e-05
3.054138617248672999e-02
2.462216038110268557e-03
9.207152727447973639e-01
4.475907679167428349e-03
5.155690882491961551e-03
1.439019280417256479e-05
7.129303847471177465e-03
9.526997477368471731e-03
1.903683181563129573e-02
5.668935417748341976e-01
4.276594465164037379e-03
5.069988528357713964e-01
2.960339793886123116e-01
6.113144586561173321e-01
5.850443386172855809e-02
1.177726290410062437e-01
8.556473977621806629e-03
1.470641955492363318e-02
7.744827524789209272e-02
6.121531456666760851e-02
6.119272937515101395e-03
7.542759704696349043e-01
1.989854729007015446e-03
4.971998100272547252e-04
1.324723859845408636e-01
3.562277804225674749e-03
3.710154938515217160e-03
1.387019986201327927e-04
2.180840948286399267e-02
5.155502243691200207e-03
5.887235690875403105e-04
1.582075425161717785e-01
2.340415602692077547e-04
1.016274692476004876e-03
3.046088876583278870e-01
6.550126208842977915e-01
1.617698176064435167e-01
6.646906765034507614e-02
3.296949913222472356e-02
1.307835534037305597e-02
3.884526952738207722e-02
1.615722824732936796e-02
4.446545843006262655e-01
2.562780501151162849e-01
1.344372541799914444e-01
2.572467913597171682e-02
2.134405515665130718e-02
2.670775868716764121e-03
3.028387123367858266e-05
4.106311431751937663e-02
1.080141487293826280e-01
1.443584951505557101e-01
2.333528380804152785e-02
6.834866224940346069e-02
4.003456526821125641e-03
3.869675106279969138e-03
5.563505948862700334e-01
1.050687145647403835e-02
5.968374797278781438e-03
2.874758705855642166e-02
7.069284407377411216e-04
3.515210768174798495e-01
4.062471055423862998e-01
3.296019734871721285e-01
1.470159597387120029e-02
3.659466682724244434e-03
6.491613557630050886e-03
2.149219322308036084e-01
7.607215013118112656e-02
6.684387088855412579e-03
4.876563594981112720e-02
1.780207040836411514e-01
1.406800239956844736e-02
1.961027093123620529e-02
1.791073645187666874e-01
4.095980833580556424e-02
1.901154880454137392e-04
3.758522567722044627e-02
3.759082194150852041e-02
8.761444805477329109e-03
1.608406776491212026e-02
8.464181592257577491e-02
9.886458692775580426e-01
2.872839923534250550e-01
2.481627820261246009e-01
5.081116813301913421e-02
8.186547249199199738e-02
6.235179600747780410e-02
6.370299178551193098e-01
6.286773184099974906e-04
4.492250636945183920e-04
7.783567992758066642e-03
7.122389426624467501e-02
1.167599428226919756e-01
1.330982150729690533e-02
1.751708248833302528e-03
9.741429774335054291e-06
1.159592146482947561e-02
1.306262140724956666e-01
1.675937774999585188e-04
2.619126792833270656e-01
8.326437178748788415e-02
1.028072504124897223e-02
3.902519466152071606e-04
6.107164383561736187e-01
7.710610987290635043e-02
1.336756094628255287e-02
5.272889092859354976e-02
8.936035551101843138e-03
2.785862003331935916e-03
5.224035738032206666e-02
7.826372993921897753e-03
2.364452643306819840e-02
6.622340718442276675e-02
6.531678757564809423e-01
3.711805213283663223e-06
9.299756299111966440e-02
6.546142544865551915e-01
1.337082458385063233e-01
1.004046339212556205e-01
7.175195966021202798e-02
6.711310547514993952e-02
2.898391481424940873e-03
7.370454808931933277e-01
1.790304387845202960e-01
1.738305221426896530e-01
8.811886553792541016e-03
2.816052658417045372e-04
6.661601840446823315e-04
1.221216538073069818e-01
2.817801298743389735e-02
1.534607546259215693e-01
1.094665579583182591e-04
3.409142773979250696e-01
1.258098781424040629e-04
9.279066602531742258e-03
8.641067745801840963e-03
1.058655363054188808e-01
4.537580828986312875e-01
3.022873602950765844e-03
2.374178260358539988e-02
3.440756097097388833e-03
1.008325839757549190e-04
5.659813985688466609e-02
9.162025006190519308e-03
1.308913830207866259e-02
1.025210356621562499e-03
1.857832340105816382e-01
4.168325241082931789e-04
4.579544766407875334e-02
1.663516557446693689e-01
4.200278381519567970e-05
4.079570969837785846e-03
2.057555258194961045e-01
4.702271652787102206e-03
2.404689897189172905e-05
1.948919777032660349e-03
4.799094603954383309e-02
1.900741109098266508e-03
6.192627931775982475e-01
2.283059884347187537e-03
2.310712449678194169e-02
1.264667326372960823e-02
1.908888658114037823e-02
1.307014706644626391e-04
1.562910618410105063e-02
1.623876595662413769e-01
9.675957171644943705e-03
1.349595252246208387e-03
1.180671997161243797e-01
2.056821178340227858e-04
1.876323384374870562e-01
5.027838336749838044e-01
5.590766382424468880e-04
3.017366509487833532e-05
6.294869389390000958e-01
6.678655010481265863e-01
3.247752767263315535e-05
4.609552836092582371e-04
9.701495861513567687e-02
3.284941139571371377e-03
4.905756205025298411e-01
1.707499813002543998e-01
3.425643479924384560e-01
4.650166743477808229e-01
6.750942096948515658e-01
8.309635025124645358e-02
4.403592207172396002e-04
5.068303462263685777e-01
7.225557594615129072e-05
1.780551937374050264e-02
9.460435781803642197e-01
3.185008601396652206e-02
9.420275095667124399e-01
9.558588814109261755e-02
1.050645694408356007e-01
6.690363145453647092e-06
1.945047232622825435e-05
2.605852082993759256e-01
9.969329593603036832e-01
6.016682705115588004e-01
1.357175128852694968e-03
6.971713134691069104e-04
9.515438792099420538e-04
1.641217232451729902e-01
5.714469291342229029e-01
1.509966513722552301e-03
1.928885970553696760e-01
4.442786332625155848e-02
6.960844851690169977e-01
1.187062871930646668e-05
3.486210564805141895e-03
2.367820667617345656e-04
1.539998084639339626e-01
3.400434388935207747e-02
9.869370981322608816e-03
5.973598174951922912e-01
2.164631097887719513e-01
1.057415387879210005e-03
1.643604151752613152e-01
1.211406666094018078e-02
2.545879774008502072e-01
9.980912473101142268e-01
1.010423441382184845e-02
4.925404209922758410e-04
7.679342454924554806e-01
9.713497442890779432e-01
1.819582700759554261e-03
4.017063709820783827e-04
1.054249246920431066e-01
6.534066035148553171e-03
3.158966899179141332e-03
2.691556592316817764e-01
2.160379555124234893e-02
3.432484994518600341e-02
3.182969232891642852e-02
6.378989359705586337e-02
3.143796943524398979e-01
2.651498252882202311e-01
1.696176915830335428e-04
2.843381768235380986e-03
1.366283304500697806e-04
9.892801245203253213e-02
1.489013680250439176e-01
2.877349567133169472e-02
1.359280514992606270e-01
1.360530906283531349e-01
5.373869169559886833e-03
6.181072162310047302e-02
5.880888198450383575e-01
3.973278345351548800e-03
6.203656399131118014e-03
1.178156362622953951e-01
4.509640677031543921e-01
5.745448053360785630e-03
1.431506430818553326e-02
5.602419116252837193e-03
5.428665821614124531e-02
1.396523984670922048e-03
7.081900605183297052e-03
2.233675632656791663e-04
2.639925379728365069e-03
2.552985832456804681e-03
2.968625913373508507e-02
6.904411729605883577e-03
5.913570375847572620e-03
9.372855446493439935e-01
9.711664353094572322e-01
4.327264917290628982e-02
1.088096329635027220e-05
2.213731581969360929e-02
2.442618026300743053e-02
1.854084422687924793e-03
1.427709008167676354e-02
7.087648190001153425e-01
1.815373303895843502e-03
2.731675370694082172e-01
7.068201981295262580e-03
1.518685686378888344e-01
4.427433185558863672e-04
3.920591754711635207e-02
1.771145732650771442e-03
1.201729283486407431e-02
2.601482560709404701e-03
2.162805275930457152e-03
5.594607416040684247e-04
7.611000746516724536e-02
8.077438565099918921e-02
3.116847372541616257e-01
3.328695234801689468e-02
8.677574797651818259e-03
4.447438143930719512e-03
1.530994208529557477e-01
9.374951497920307464e-01
6.555120552170144721e-02
3.731255227596287638e-02
2.121788627635952645e-03
8.713827103332648372e-03
3.932564112709335119e-02
1.588596047831982230e-02
2.230898166984495064e-03
6.192926985281631746e-04
2.493114394401102843e-02
3.704673663781713746e-04
3.604046492177357536e-02
7.957570625757905136e-02
1.087435222061102456e-03
9.733619583782691931e-02
9.709116087803752737e-02
4.377833680748950186e-04
5.146538121068256963e-04
8.418797208422628547e-03
2.239979936440834596e-01
2.074050404754893689e-02
6.427999193286634827e-02
7.264031513929610460e-03
8.144538772895392213e-04
4.695528030435504839e-03
2.958220262799631569e-03
9.560443460251647624e-04
1.407980217372512693e-02
7.808664709655956937e-01
2.155212173258048286e-02
6.611177154283890550e-03
5.038264339719263907e-01
2.726424760358114440e-03
1.212351250933503788e-04
8.308274262944519428e-01
1.712510521273339359e-01
1.040464354092033306e-01
2.093869581109762956e-01
1.108754598854036147e-04
8.782271687617936029e-03
5.958471075952630376e-03
1.312049671825619816e-02
8.402046612340284826e-01
7.256451014572064826e-05
9.618016360900271539e-03
8.666271395195751515e-02
2.016919517159477745e-02
2.291925585107876573e-05
8.644046719743439175e-03
8.437620345107857932e-04
6.621043945611589099e-02
1.621291889285310026e-02
2.128887832854212681e-01
1.184417440924180193e-01
5.261702861001797960e-01
9.492936663998797764e-01
2.703340540100524023e-03
8.000775805714123168e-01
1.956194170599678470e-02
7.336551254956928149e-03
1.170374116720730370e-03
3.237887593919184181e-04
3.394027444591558584e-01
1.325062056846697711e-04
1.221857043142067084e-01
1.127363014566108573e-01
2.026728554156540310e-02
2.903655876324574558e-01
5.102482216301400531e-01
1.045231083387135069e-03
1.780096830687121490e-01
2.133296929312549948e-04
1.484102174080136639e-05
2.151705847117485818e-03
8.295663473270972754e-03
1.295914525880195213e-02
1.438549599525865922e-03
3.594504276625514194e-01
2.443298916786159573e-03
9.739831325424251895e-01
1.404898026512577851e-03
7.710715277590006467e-03
1.016150143669085045e-03
5.927581195646384853e-03
5.120054261911916602e-04
4.120194323219517063e-01
4.255180463602624722e-04
5.476897871644263380e-03
8.521998400921937389e-01
8.451684535405204436e-04
5.198144286017896028e-03
1.456705607313192041e-01
1.114694331328923843e-01
1.191980099381407740e-02
3.087011913171426001e-05
3.468455351020440858e-04
2.947880404985714006e-02
2.765714138069531999e-04
6.340651663019791079e-03
2.030237477982459009e-03
1.690854988408210845e-03
2.045821641045192808e-03
2.360127580830849187e-03
1.123722135665571184e-03
3.875774532918672098e-04
8.565585022413925442e-02
2.637743220296326352e-01
2.760238529367796054e-04
8.405374817074305893e-01
1.224292800327509700e-01
2.266409360565515424e-02
9.355523780552769259e-03
1.010511136215420415e-03
3.951900299908591152e-01
1.671535305929206308e-02
6.354076544180038873e-03
8.870237295435277154e-04
8.106748766325313493e-01
1.210369342918033858e-01
4.035027565258636484e-02
3.230682869762374013e-03
1.112473092402440252e-05
2.798738823138454193e-02
3.092282688394259148e-03
1.328595024931590986e-03
2.790991956894455645e-03
1.066512213188248179e-04
2.416490739535360477e-01
3.082448751359376845e-03
6.513091465083922227e-01
1.333616089238432445e-01
2.393077713800245143e-01
2.560700876007293569e-03
3.073133452583131503e-02
8.276265985126489699e-01
4.044018552251941144e-03
1.842304434530881579e-02
8.770495103170520279e-01
2.774909108545661057e-02
2.307070336558975662e-04
1.865383463654420315e-01
1.688865230656445490e-02
4.435125229928860158e-02
1.167243271427131218e-01
3.166998599973690903e-02
3.033515020953359465e-04
1.266145399503957030e-03
1.650313293729762099e-01
6.451238444189115739e-01
6.474010630345249095e-02
6.112733184772485041e-03
3.512941358123213009e-02
5.264431600983926658e-03
1.901135760076408257e-03
2.369738467051005493e-01
9.676856958856823177e-01
5.126182674370238649e-04
1.345056238889039048e-04
3.071370903739495915e-03
8.592183014500579322e-03
6.464450661580835311e-03
3.080020003955231153e-04
5.166392493078993814e-02
4.292918936832759158e-01
9.604183124938282523e-01
1.010847606445827631e-03
1.515678570194692876e-01
2.219227136436077166e-04
2.480326646441665187e-02
4.739205303638870104e-02
1.267789904471671447e-01
8.713752029484152228e-02
6.216890516811340861e-01
1.282555780212473948e-03
7.087754869787996764e-03
1.527658114644618592e-02
4.103501888056158009e-01
1.990049147400020548e-04
9.345359527469452796e-03
1.369203387170766478e-05
2.122099622404477037e-03
3.381490571327219492e-03
3.287583916080333291e-03
1.839102918751415669e-03
3.514369496881706856e-01
1.254741248643820160e-05
5.758874084508607688e-02
5.365029724451761493e-04
3.591404354390426157e-02
9.344757659626396016e-04
2.253706858222695453e-01
2.550315740535927800e-01
5.411667101917392309e-01
1.088772617203796972e-03
8.324008335128547653e-01
5.196004979186992223e-01
5.450314502812794171e-01
5.330894295723503928e-03
7.012396443048196648e-01
2.490711951485124684e-03
6.881308689850579308e-01
3.110118337356605409e-02
3.460100146006312750e-03
2.631171095583846864e-06
4.659986490846773459e-03
3.984997276888465473e-02
6.135807733680901689e-03
3.928433287782436278e-01
1.240725773833934592e-01
1.573632579438483808e-02
1.331416738454229819e-03
8.865228750714018724e-02
8.138658863876414851e-02
2.525524183856288629e-01
2.133222554793898218e-01
1.868567915012828429e-01
4.246830668336875059e-01
1.353323263135517091e-03
1.049637171506913672e-03
5.002316326439712425e-04
6.905639177462118139e-02
6.597182181608548523e-01
1.192927231714211583e-01
3.151636552280266956e-01
1.359853864587510786e-01
4.283902997942251535e-04
5.063934719617760316e-03
1.987789323278204776e-02
6.799054906702205470e-01
1.875705649357089708e-02
5.753801351011172960e-01
1.156912576292149115e-02
4.053170874113223160e-02
1.084506282792432191e-02
3.068627332943843489e-01
4.726437177268338896e-02
9.785637744483210998e-02
3.210667191563861822e-01
2.120902012693797866e-03
6.161109074639968541e-02
5.269492193710118878e-03
9.680314405093356351e-05
3.747306560923906876e-04
1.632027699626398352e-03
5.557419804966403721e-04
3.720004560368393026e-02
8.557205715261245738e-02
2.259579966000937936e-03
5.569428351104296210e-02
3.001219026476066847e-03
6.451178589368930516e-02
4.421795582514336312e-03
1.356535026261088683e-01
3.872456213262783983e-03
9.996590099333837465e-01
2.160949793937380365e-03
3.935594283733732631e-04
1.397736548059554671e-03
7.149676434181160417e-03
9.823152578535451207e-01
1.081428741299291646e-03
2.780903871086549684e-01
1.005361220078530016e-01
3.916095785878856428e-01
1.559949201493141813e-01
1.812313760514797645e-01
1.998538424516003165e-01
9.618793410076451056e-02
2.322724690684091486e-02
3.933178831758497862e-03
2.623011817958040975e-02
1.479970068938755989e-01
1.341656877542553861e-01
1.296228713886882732e-03
6.359101231601680358e-03
1.153644957120584895e-02
1.740674065495735392e-05
6.279113589007930332e-03
2.239326891469483050e-01
9.905735205738177077e-03
3.592249138146147349e-03
1.011006838221892440e-01
2.635414344883658111e-01
8.963378357166086607e-02
1.870399386302190048e-01
2.331962006043053785e-04
1.252716428545551930e-01
3.962498995799209646e-03
4.968878775360002775e-02
1.223414619000051488e-02
6.167814439550714511e-02
7.855404904063307825e-01
2.401427929371918648e-03
9.002717323131072605e-03
2.979093451606863382e-03
5.737834140188953214e-01
3.158039352654338095e-04
1.770238534174282431e-03
1.650659405654164302e-01
9.076048888343765490e-04
9.352809806459790876e-01
4.070781339369600182e-01
1.867453407841455360e-01
1.072306146528818199e-02
7.298385098818487363e-03
3.453593816970491198e-02
4.157937636538281412e-01
6.687341034868156994e-05
1.942783594109255205e-02
4.536091412399995138e-02
7.705170391356501447e-02
6.358453294178117651e-03
1.431047822193896348e-02
3.814666140668260264e-01
5.006330752390681926e-01
1.943764697521011275e-01
2.693433290348865028e-01
7.741641023691180209e-05
3.443216397681948815e-04
2.390041542716631745e-02
3.363313427678873424e-01
3.721858089664604498e-03
9.214551874825548106e-02
1.424449143618433276e-03
1.393908024166012633e-03
1.477835306626566932e-02
2.402488569238861449e-01
3.483700848958295754e-03
3.774474527706648402e-02
1.376858678562853724e-02
1.419823065534504304e-02
8.538496489863700459e-05
4.917372093361555008e-01
9.772205497606222240e-04
2.850700566196969626e-02
2.585314886118512956e-02
1.806435692805698490e-01
1.157584319488807190e-01
2.287188106173580204e-01
5.766680022955373436e-02
9.165028242528845074e-04
1.805042025161465724e-01
3.981498030082154804e-02
4.714949893346907263e-03
8.953219721488151991e-05
2.245903382326597253e-01
5.874151721483323457e-02
1.308518923890149982e-02
1.280234913552617121e-03
2.034961994301910345e-04
6.833740985722455141e-01
6.257755182413045434e-04
1.827056150198872245e-04
4.418209734407967419e-05
2.545240652976513834e-02
2.478855484901909267e-01
4.299622633846492993e-03
7.941634487840438794e-01
1.919028467540325189e-01
3.271581573491912781e-02
3.469647347449942697e-03
8.660148092164135503e-02
4.913730429478314204e-02
1.781268655270653589e-01
4.353403380971748726e-02
1.883848303941978650e-02
6.956657059389245168e-01
1.558697013572973022e-01
1.418519005194827346e-04
1.228469441988899518e-03
1.818662298164701232e-03
6.349517459301469956e-04
7.806503302083664386e-02
5.405768256091146699e-06
1.671811289428152278e-03
7.045655446435399039e-02
7.151501219178399427e-02
9.655564367170794693e-01
3.626380566645279755e-04
3.122468791722233118e-03
1.244046457294091220e-03
2.716188043482858531e-05
4.409104010788145872e-02
9.594638100777401479e-02
3.549961991068015764e-04
9.867589044353054506e-01
8.074057249919466567e-04
4.981562414593001782e-04
1.613732687762569132e-02
9.955096299201839083e-02
8.882356023738526007e-03
3.512360121719403372e-01
2.957228941014347079e-01
3.222171298801842360e-02
1.392201406716824094e-03
1.325366332334731263e-03
8.079005751352728078e-04
2.613395977699000117e-01
1.106540430413626439e-03
2.157938458710998916e-02
3.861921431786918130e-02
6.923549252844668489e-01
4.213892689825771698e-01
1.221633003466615630e-02
1.913894463213003383e-01
2.609342185374372014e-02
9.120215191328913742e-03
8.326810084133721502e-04
6.715575823928561982e-04
2.061920933627735524e-03
4.955721631953316497e-01
9.808481893061414547e-02
7.403577254136774199e-02
4.111093556130084037e-02
4.633381067623299106e-03
3.710656401526296611e-01
3.823477809273246545e-03
1.312819403325159173e-02
2.296215888634585076e-03
1.200071242017883717e-04
2.119785039548666844e-02
1.807820533023997506e-05
1.161615039285498856e-03
2.756143269653361233e-02
2.875927711667412151e-02
5.332772817624042289e-02
9.797898629317473330e-04
3.071630299854963991e-04
7.903971971270575339e-03
2.915716914873345972e-02
7.133746109963795545e-01
8.381045992725766336e-03
1.479325989902141071e-02
2.244451641973705270e-04
4.204386739630081200e-03
1.292698792132697871e-04
1.925859833120506211e-03
4.512750490749439791e-02
3.700373494907951283e-02
2.634477424033548898e-01
5.377185901525086686e-01
1.281023984102382107e-03
2.669716292122163194e-03
1.475585633479073733e-01
6.075599335645457538e-02
7.002529254673601176e-03
4.170552865471512387e-04
5.245079446503484073e-04
5.011149068529160110e-03
1.260407792152498825e-02
1.350114930306127448e-02
7.250801020901524729e-02
8.068809537810472943e-01
5.057375930207700376e-01
5.033544226068498856e-02
2.269815537263361951e-02
7.228226120953321066e-02
3.864535343887961581e-06
4.043630686801807372e-01
9.528840757542350604e-01
9.127642739430916752e-01
1.513825861288624619e-01
2.014359282418166073e-04
6.848361153772685415e-03
2.545970288748785129e-02
5.180508974735280672e-03
4.123662174042908067e-04
1.657603311627299514e-01
1.936007939380826820e-03
4.972154902398183418e-03
2.037032709024491975e-02
4.639722958119014452e-03
2.838874521356736860e-02
6.581819440046903684e-04
1.380968943139745941e-01
1.017130000975885983e-02
5.424925036301125880e-03
6.103716029565885437e-01
9.011506273185815319e-01
6.622057893770171011e-02
4.456874899123579835e-03
6.723383516609109101e-02
5.890119728979741808e-05
6.213743810065763817e-01
1.285835613514313283e-03
1.454988597674844453e-01
5.210258690512064028e-01
8.415302700380367096e-01
3.289530114983719739e-03
6.292935171659562732e-01
8.496869538887837775e-03
5.043688529757428193e-04
2.443308268624260274e-02
4.354885971019514215e-04
2.478774181399242826e-01
1.990608207139596986e-05
1.995336619581262278e-04
1.686688671682642167e-04
3.883620037620049282e-04
1.884385472887192001e-03
1.021890747989577380e-01
3.955147750610286950e-02
2.178026881133087456e-01
1.772639211477129370e-02
9.173238330965086673e-01
7.581891283073581567e-02
8.940660773083307453e-04
7.215044302825679131e-04
2.471127966528157971e-01
1.087373529270491704e-04
6.370142289913247567e-03
1.682824603898956531e-03
4.274401746768055317e-04
2.196934336749143957e-01
3.166242677306446165e-04
3.235415833234254190e-01
1.571966662161108363e-01
5.869651424385546705e-03
9.262797770823986586e-04
1.424830159604454083e-01
2.796543885433308563e-01
1.927689282720642175e-02
5.419460156926927952e-02
1.408459827481371197e-02
2.128635581007068660e-03
4.644756645816480040e-03
6.135583940007596944e-04
3.859197697524086729e-02
1.177710650725626078e-05
1.440292247239832214e-02
1.876007535294491578e-04
5.697982770933408998e-03
9.350918901270067751e-01
3.601952573756777437e-02
8.137971971096820065e-03
3.622024025379845524e-04
5.910854552434482816e-03
5.417548584586492910e-02
1.842549265765082650e-03
1.911174582248148165e-02
1.217284803816865296e-01
1.794433885735169192e-04
5.938800032850363730e-02
3.071705944213951600e-01
9.968395365648261564e-01
9.304095248679755681e-01
9.901747606189112982e-01
9.870291003051073764e-01
9.904948423025796700e-01
4.723430897324024103e-01
8.342315265364658172e-01
9.004685064049192667e-01
9.970123873279076454e-01
2.990061631029186096e-01
9.629121606621959817e-01
9.614806289964223929e-01
3.628417100421498787e-01
9.973047521130599113e-01
9.813138722934066083e-01
2.646717799149952421e-01
9.863156619271346015e-01
9.551978455127583256e-01
9.701365076706577328e-01
9.590544578873086978e-01
8.595625086605850340e-01
9.993486739276375985e-01
9.909795734091298991e-01
5.678810527972497635e-01
9.838105071384054545e-01
9.682084456535229311e-01
9.197776368008810932e-01
9.582640103354329586e-01
9.892643483564673712e-01
9.076502958633066998e-01
7.973298535384982788e-01
9.845150636781084819e-01
5.866867312232162401e-01
9.948689144028917131e-01
9.995991172921288026e-01
6.624276564515226839e-01
9.950415542281586534e-01
6.646283863879854925e-01
9.720295045084056396e-01
7.538595706616796344e-01
9.347783979656778541e-01
2.994322319809458177e-01
8.479970436578455617e-01
9.763878184674418259e-01
4.860107102493211872e-01
9.474140792400977951e-01
9.493570846093922766e-01
9.513499103080246266e-01
9.978431703970698230e-01
9.984529135097155450e-01
9.757436320659280682e-01
8.565594056608875073e-01
7.105196154188543334e-01
9.930463036109359320e-01
8.791140629992240108e-01
9.713680647290519055e-01
8.175991086568668020e-01
7.790343482492444460e-01
9.990520635128622429e-01
9.256042927083312222e-01
9.910121095896299304e-01
9.890300283089192845e-01
9.969551668749051521e-01
6.334163881101694260e-01
8.277700137137766756e-01
7.731058752105287590e-01
2.583872630116737512e-01
7.267883450739461848e-01
9.521067629354736939e-01
8.753284187946231976e-01
6.132954785767689154e-01
8.680970133465260030e-01
9.537612253900200621e-01
6.291592893498438865e-01
5.962742300888409508e-01
9.975976901101826222e-01
9.201546490507469533e-01
9.943756912771640755e-01
9.471132209172504757e-01
9.995617437472146261e-01
7.863819104534889304e-01
9.797380483323833156e-01
9.607451195107489239e-01
9.797183112148949435e-01
8.810817442970853008e-01
9.447600163966505260e-01
6.017773228360426829e-01
9.328487558165158289e-01
2.644540839853594116e-01
9.452350765996870852e-01
7.766147989414804442e-01
3.362463687165487269e-01
9.928071297498415326e-01
7.975412746978823852e-01
8.741216884406703969e-01
9.460357134968663262e-01
9.020237875968989405e-01
9.480778533629282689e-01
9.940822641685892469e-01
9.574920761976704053e-01
