4.699992262905305918e-01
5.623657169476934392e-01
9.114140206319485404e-01
3.367997831822239219e-01
1.915550343961006097e-01
5.693282659013432223e-01
4.176019507046568324e-01
5.149146964426583040e-01
7.259616824037380400e-01
2.325962420154845944e-01
7.084085865219943434e-01
3.155222638722084971e-01
3.301028288718606540e-01
7.099114697599053780e-01
4.409359572884737899e-01
1.389605742218781581e-01
6.597530663249381311e-01
6.806097994097517478e-01
2.566123716095971563e-01
1.789469279491470999e-01
4.780028448445313161e-01
3.759093580453115591e-01
6.349680795268066724e-01
9.318308286103064164e-01
2.060627910966045528e-01
2.262883209801677398e-01
5.224072730838338341e-01
8.909305041565166450e-01
3.413265037996451867e-01
5.617029913579897338e-01
8.888383730133213589e-01
6.466004313464370767e-01
6.850583958309629518e-01
7.548941219670473046e-01
7.784742896459578843e-01
8.687610194559274301e-01
7.201931290697175525e-01
2.160318671399186208e-01
3.532558099311695621e-01
6.559556499600823765e-01
9.006460683054356986e-01
1.824780299095178637e-01
8.433486074933113086e-01
7.286482666885564230e-01
8.850770319837554245e-01
6.951219796319614286e-01
4.685504437017042889e-01
3.156390664640651988e-01
2.611542205885178936e-01
3.860797324714674295e-01
8.621410569200076424e-01
5.712014662668855047e-01
2.487023665824583118e-01
6.725599793363811196e-01
6.970670531077585164e-01
9.073919388102167360e-01
8.205195468957683369e-01
6.331550919163240199e-01
3.862642867257288781e-01
8.513329641193714270e-01
8.131282977565095216e-01
6.697577266326492085e-01
9.068715045462819591e-01
7.655591042567001514e-01
5.206873001071093965e-01
4.416235790756432023e-01
5.355170593213016694e-01
5.032136128378665862e-01
8.602508015003429431e-01
7.026253723730544465e-01
8.655007249141288828e-01
6.748441774213751465e-01
2.632371833021248109e-01
6.801362038838379975e-01
4.397237156311198381e-01
1.843996406434095237e-01
8.203656249106165976e-01
1.771321887531313866e-01
5.009496593465803116e-01
6.769154565964570214e-01
8.074675168146707716e-01
8.654832981769212674e-01
1.598076747334421233e-01
3.903085195470417657e-01
3.853455845885639386e-01
2.909553328483864276e-01
8.627771493103043587e-01
5.715434603417447468e-01
8.709725804413116501e-01
8.658691883572342540e-01
6.218059513790489268e-01
6.938412130057380889e-01
6.797210958157026139e-01
2.403878009331205934e-01
7.146245185680194512e-01
8.487931251617933937e-01
1.265337202899518010e-01
5.428151712648610072e-01
8.075695499433573898e-01
5.780757863239308625e-01
