5.026577157135070362e-01
5.176341455756551246e-01
5.021909826349164607e-01
4.840855886436658539e-01
5.134766244519018974e-01
5.113442444696568723e-01
5.035160003546452767e-01
5.180197998524630476e-01
5.032098047660821249e-01
5.042748710843431015e-01
5.205495745072117320e-01
4.980440196832895960e-01
5.005476063157549005e-01
4.981025006614255846e-01
5.038497421398333564e-01
5.007957992163107885e-01
4.969315143389930745e-01
5.031467615622976508e-01
5.272422600645083612e-01
5.140900936103253160e-01
4.963925139314528945e-01
5.001813098230829535e-01
5.033679143590155114e-01
4.907221471640335619e-01
5.046172163810315192e-01
5.004309271376115031e-01
5.024152342510816993e-01
5.070855214630907160e-01
4.938027459875232728e-01
4.970233632325622430e-01
5.148335281497636862e-01
5.073648497668957758e-01
5.089116498319973259e-01
5.042974366020008814e-01
4.947740263933199656e-01
5.244801553655069615e-01
5.156311693321178335e-01
5.218507233773027609e-01
4.902202844801349935e-01
5.077737217835783801e-01
5.237152703442462531e-01
4.943523133387488500e-01
5.207105808840958305e-01
5.179912484877332579e-01
5.095395605555073093e-01
5.020888834994424732e-01
5.025095664328681488e-01
5.103189361998493601e-01
5.029781661460180908e-01
5.116567831463600946e-01
5.209124082751258600e-01
5.068305434093407502e-01
5.048803075779400018e-01
4.893368892404233450e-01
5.034734585730066270e-01
5.260663384672765730e-01
5.093265182881668851e-01
5.268734572965403373e-01
4.943038318998941305e-01
5.136163832222837566e-01
4.902333533296955870e-01
5.019737625938744952e-01
4.971880360580644975e-01
5.054559468632267016e-01
5.133246042345804838e-01
4.966210084271044378e-01
5.076933715599432073e-01
5.008271207987402551e-01
5.062713116074770703e-01
5.156875182070096431e-01
5.141580958849505389e-01
5.075301126472538948e-01
4.941196892274947738e-01
4.977323567847742880e-01
5.031827678748951316e-01
5.266289065070089981e-01
5.284450511503970827e-01
5.177261455881960739e-01
5.246994010493339911e-01
5.046686875764118119e-01
5.071510722161570728e-01
4.988717472692864585e-01
5.059790506531031129e-01
5.094842300354979203e-01
4.970835266773522831e-01
5.209017717023799454e-01
5.121414175409465530e-01
4.979027308606892022e-01
5.036209996072247286e-01
5.178133534446914821e-01
5.139118587634499136e-01
5.027929227702822024e-01
5.048089259100410064e-01
5.079992509603261652e-01
5.198467422083558054e-01
5.199506222175049874e-01
4.984567678820866488e-01
5.112868597563605677e-01
5.272758695829934394e-01
4.889283810142452391e-01
