1.614340339497238167e-05
2.888618152298039754e-01
1.000000000000000000e+00
1.175314807551551871e-10
1.953135274966017138e-15
1.513817560056055223e-01
5.301096670963323787e-08
4.067009316946581521e-01
9.999908476648652345e-01
5.727019107508552480e-14
9.999866922063286312e-01
9.580604958767286598e-10
1.030025796430220294e-09
9.999319988876933518e-01
2.235683780117965080e-06
1.262717330355318137e-19
9.999767396918481932e-01
9.998426518635695759e-01
6.553258929792660309e-13
5.254091181993087775e-16
2.885028847212279049e-03
1.502005193394462417e-07
9.990906240075529965e-01
1.000000000000000000e+00
1.112532486755758745e-15
1.169334600459148810e-13
5.919301151956410934e-01
9.999999999999995559e-01
1.861409738335033509e-10
9.500010726831629171e-01
9.999999999999997780e-01
8.722064710148346167e-01
9.999974563045535003e-01
9.999999919125973635e-01
9.999999681700807441e-01
9.999999999998381295e-01
9.999983796919351686e-01
1.155186366262494497e-13
1.973384493909017653e-07
8.637259496885403287e-01
1.000000000000000000e+00
8.469374202870961482e-17
9.999999999796949091e-01
9.998717500205280828e-01
9.999999999999860112e-01
9.998754040961479461e-01
3.213130194783852166e-06
1.725498067801528283e-10
1.239191429188392588e-12
2.372561122229090812e-07
9.999999999998172573e-01
2.118434835455784149e-01
2.824026974301287145e-12
9.986815286488303078e-01
9.989893457619551942e-01
1.000000000000000000e+00
9.999999993140988863e-01
9.994977897331486227e-01
1.520497132580146857e-07
9.999999999909685577e-01
9.999999996084887322e-01
9.911682544260642658e-01
1.000000000000000000e+00
9.999991755522470438e-01
1.020095317876858719e-02
4.516530980758857311e-04
1.017804626871798568e-01
1.438325646641354719e-02
9.999999999999473754e-01
9.997133588377041802e-01
9.999999999998225864e-01
9.993175236539081352e-01
3.226967240540648029e-12
9.997779690932515617e-01
6.545291211351106711e-04
9.765260281835040835e-17
9.999999996024577786e-01
2.941402692061874359e-17
1.048929901492078876e-01
9.998805933650104505e-01
9.999999998518653843e-01
9.999999999999502620e-01
7.484652476595872066e-18
1.140093070206774417e-05
7.688549707452557797e-08
1.713655019719725423e-11
9.999999999997930544e-01
6.603822014841758126e-01
9.999999999999953371e-01
9.999999999998667732e-01
9.723470676521369649e-01
9.996968220901757407e-01
9.999920526081512717e-01
8.582814107801169086e-14
9.997018231054727311e-01
9.999999999982396304e-01
5.814425324768657217e-20
8.159503134783662182e-01
9.999999990303247710e-01
1.381799950899586030e-02
