5.477500896442047962e-01
5.536987160673756403e-01
5.859481322901529676e-01
5.389501886774058503e-01
5.271297288243489421e-01
5.540753911336437909e-01
5.443403445442622779e-01
5.509140845743545345e-01
5.649062768970277704e-01
5.309429609093477831e-01
5.636225606028317792e-01
5.376209787698988940e-01
5.386105033436133782e-01
5.636505923523877915e-01
5.459267474571366519e-01
5.209626488988735593e-01
5.602949114427064892e-01
5.615850986950154944e-01
5.329875015173165531e-01
5.258267848733896299e-01
5.484745544019568042e-01
5.418184526169854687e-01
5.585260964102177761e-01
5.902849226771366142e-01
5.284527190239287631e-01
5.304492893363125239e-01
5.513919314780501013e-01
5.824251018616047881e-01
5.392710394166467802e-01
5.538451867559390784e-01
5.821393269033888762e-01
5.590218407068573425e-01
5.620846357084106071e-01
5.674450691226555765e-01
5.693037590609726362e-01
5.790944128093440391e-01
5.645684552776457643e-01
5.295664797572192661e-01
5.403873485261666554e-01
5.596220904715583089e-01
5.840475808438306826e-01
5.260913351520900560e-01
5.758644041090551502e-01
5.649772337734235705e-01
5.814038297836008340e-01
5.625858929531993846e-01
5.475860968847703347e-01
5.375455442955842100e-01
5.333689526651705926e-01
5.424772954992468366e-01
5.782641398052975612e-01
5.542075323777093665e-01
5.324385003213476519e-01
5.609438070909725793e-01
5.626195573784092963e-01
5.851372114746455910e-01
5.733194313917477913e-01
5.584401985894175136e-01
5.424671671347225388e-01
5.767996102760877264e-01
5.726274112832586694e-01
5.606657522563308627e-01
5.851468324974988811e-01
5.680768867605006101e-01
5.510509402033498816e-01
5.462254947424567408e-01
5.520424176475419165e-01
5.500385570819963377e-01
5.780942890033374804e-01
5.630674890476791150e-01
5.786797458324320909e-01
5.611277724407263134e-01
5.335749563363270109e-01
5.615366089567945806e-01
5.461298875792541807e-01
5.262884945729127129e-01
5.733303535090440439e-01
5.255021787678182399e-01
5.500062070166554795e-01
5.613503049961678926e-01
5.721379089507052651e-01
5.787382555335681689e-01
5.235997832545625785e-01
5.429282383306280879e-01
5.423768051046085059e-01
5.357049826356738986e-01
5.783360055366957297e-01
5.543237634950584081e-01
5.795468741830341886e-01
5.787393413219155125e-01
5.575331218554064883e-01
5.624546987982935731e-01
5.616692030814544045e-01
5.316017731046250860e-01
5.639157585092950953e-01
5.765884619490438956e-01
5.193215126807938509e-01
5.526518394813854096e-01
5.720574175713569742e-01
5.544778564121332076e-01
