3.633534918063934804e-01
7.234790844487692940e-01
3.640406707402497055e-01
8.386744037294181775e-02
6.428498337435820664e-01
5.714240391545629683e-01
3.955555117563060441e-01
7.333302097213424409e-01
4.095086844216236921e-01
3.956016524664069389e-01
7.882954694952258867e-01
2.731303162359421388e-01
3.333654643393130779e-01
2.778213098184711960e-01
4.181219442381493012e-01
3.368073088626763467e-01
2.440278573820312269e-01
4.067640276676793287e-01
8.784809717923552919e-01
6.466562328815148586e-01
2.409592192455275728e-01
3.088056946884805698e-01
3.786744736359074492e-01
1.482037106840545515e-01
4.148854943273032614e-01
3.304269896832772724e-01
3.582187404903319772e-01
4.894859027366335602e-01
1.904684894731871747e-01
2.439408447832853433e-01
6.708149116557013958e-01
4.990693899278570989e-01
5.118509154773157599e-01
4.103500623876120135e-01
2.108464563697458882e-01
8.414159770615553535e-01
6.865256205736850470e-01
8.088573544611699084e-01
1.455951055053236187e-01
4.902840608937800715e-01
8.314099932684847483e-01
2.111046018977488781e-01
7.847592660904828543e-01
7.307933276202699391e-01
5.378649292791768399e-01
3.710111611062491543e-01
3.545903978085976349e-01
5.685456155151421553e-01
3.954536058590399361e-01
6.061392247252705978e-01
7.910977422868179509e-01
4.884288859150293649e-01
4.306865085772734192e-01
1.337921809848031940e-01
3.865163200465794868e-01
8.635816644331434366e-01
5.390855295390324375e-01
8.743558531770445619e-01
2.097216948700859340e-01
6.526548660804253332e-01
1.485697059037573153e-01
3.697612184692114501e-01
2.480296432689136077e-01
4.485693954217784274e-01
6.270538740497473285e-01
2.475076255411655657e-01
4.826938757922696888e-01
3.435890140622114841e-01
4.774549730320621355e-01
6.824809117452668161e-01
6.554428044753920490e-01
4.817525465560731357e-01
2.048141745104763434e-01
2.576921880232986295e-01
3.951125104912766028e-01
8.684380548622716578e-01
8.890524255178797741e-01
7.317024549537016753e-01
8.431963600107167389e-01
4.358484596337853789e-01
4.762839398716247064e-01
3.031470078516372291e-01
4.393581602393798469e-01
5.269322590820201269e-01
2.586536326139648456e-01
7.859998678653071780e-01
6.162271260913565474e-01
2.786499768646979458e-01
4.059365184136476401e-01
7.293800371879408662e-01
6.521316491550175343e-01
3.988843493972720200e-01
4.460113637460440539e-01
5.231186028369859686e-01
7.721511093131904202e-01
7.730388157948488992e-01
2.811390016722603580e-01
6.010781739915580513e-01
8.772078889354886222e-01
1.286700542287999294e-01
