9.655956366936063393e-03
9.997616040401477999e-01
1.889280091205199075e-02
3.498224336330914911e-09
9.969517366536752023e-01
8.957532896018683966e-01
5.625367589823039582e-02
9.998640251582238125e-01
2.374488206293668691e-01
2.148817950332574875e-02
9.999943197737061196e-01
5.366122752607795608e-04
9.131513003957454980e-03
8.234875875338705390e-04
2.230356672020130937e-01
9.172687501321363443e-03
8.876986346185544545e-05
2.094990199788555052e-01
9.999999747303243147e-01
9.952110154401184738e-01
1.262993564138304608e-04
1.320454470135671047e-03
1.543203069177256741e-02
5.436521660027400423e-07
7.251112538257824258e-02
8.019023015106298280e-03
8.249875581568510627e-03
6.645140202588181166e-01
6.136749859028667580e-06
7.783171164831159000e-05
9.987295214625442341e-01
7.575820718918796493e-01
5.487805714853913885e-01
7.385397176945823761e-02
2.623232729730146643e-05
9.999994935533320639e-01
9.992258041358769161e-01
9.999979737541481173e-01
6.742742705197631267e-07
4.607676726397249012e-01
9.999991122234689334e-01
4.735097562361290931e-05
9.999889399312190674e-01
9.998270490685461365e-01
8.335948554884653472e-01
4.032458703817967671e-02
5.197667650099581371e-03
9.627972326827659577e-01
1.073086798419882054e-01
9.920368434680419956e-01
9.999936143134510180e-01
7.169507185485007872e-01
1.820101273903501626e-01
2.615394805324827800e-07
2.710024928097878177e-02
9.999999073622639623e-01
8.806499116456810716e-01
9.999999648144083375e-01
4.220411627375263424e-05
9.985434225505361860e-01
1.103982185841337287e-06
4.177103617199913466e-02
1.006237735020070357e-04
3.315863304432616898e-01
9.892742422930129731e-01
2.003787171554471675e-04
3.307145264361706083e-01
1.673364821302225636e-02
6.731699498061801679e-01
9.987524342670465183e-01
9.977150057309436271e-01
3.611582361293319554e-01
2.830512928864155101e-05
1.473737622249607609e-04
8.169207430402686265e-02
9.999999206990392020e-01
9.999999864340889388e-01
9.998897438669221982e-01
9.999994925871898976e-01
3.163196398996305780e-01
3.679469300882508009e-01
4.186364603920665790e-03
1.001732109872008336e-01
6.768451258901961864e-01
3.868517901134893512e-04
9.999878420157024550e-01
9.939274730293259363e-01
1.171393763486958508e-03
1.162557105434772475e-01
9.998405024869299051e-01
9.977394186064233450e-01
1.728736464783134086e-01
4.828183616960083913e-01
9.147275143547557441e-01
9.999829898679989393e-01
9.999824941292678737e-01
7.351991669895752363e-04
9.922992905771954586e-01
9.999999658881291165e-01
1.706437255462709344e-07
