9.700678020909677457e+00
7.161643708066282699e+00
1.175704620188155758e+01
7.318018656837492308e+00
1.760528068203247898e+01
6.244790980827298554e+00
7.648526117757129761e+00
8.116997863075441799e+00
8.753891523482879578e+00
6.354269308756872903e+00
5.440920353908949458e+00
6.747612200907396662e+00
8.244480269779643322e+00
9.516639197885162105e+00
9.070885858951063696e+00
9.597889881748780994e+00
8.701292630184749299e+00
1.246781276829442575e+01
9.112561217574526751e+00
9.517010544835173391e+00
7.471346761513425250e+00
1.112785562763461300e+01
8.384390382856171442e+00
6.990781181776798192e+00
6.069015617204013502e+00
5.831861437240934087e+00
1.479296466997964998e+01
6.124554138900228928e+00
1.410967852596641947e+01
5.409729144295981840e+00
9.770587015549766718e+00
7.962923390812431279e+00
7.639471092025267751e+00
1.116050394790647182e+01
1.040670421100815446e+01
1.257783579833080267e+01
8.413681721653848200e+00
6.822783710600782925e+00
1.024086077113692994e+01
5.737367621569682719e+00
4.690973493883214829e+00
1.254181668594554111e+01
6.624802930418708158e+00
8.746430323922670169e+00
1.508757716465147958e+01
1.030732660092275665e+01
1.007660335393154583e+01
7.440895857369688393e+00
8.167782789995463588e+00
1.191288909669117757e+01
7.635804307323955875e+00
9.094986704452031390e+00
9.998585315126369721e+00
6.387405249235099447e+00
1.352109284625691110e+01
7.668298153578218646e+00
6.858826155608519493e+00
1.022127218777428581e+01
9.577242087437605633e+00
9.912629168776994959e+00
7.278750731344798552e+00
7.946675023959905104e+00
1.395813795066636587e+01
6.582943795400466591e+00
1.623589927641527453e+01
6.481276989124607368e+00
8.436618136118509526e+00
5.682420344295247894e+00
1.308512006837402097e+01
8.395744855963604536e+00
5.730888265970148332e+00
1.417192312649643249e+01
7.922973409681817181e+00
1.042871922774387627e+01
1.309019307318389380e+01
1.371252300731049267e+01
5.912387664802851717e+00
1.220242971089797379e+01
7.030547959364420230e+00
7.018515134745702433e+00
1.089291878767591371e+01
1.106024396792388664e+01
1.492938870959894970e+01
4.912226184055638711e+00
4.905247670157010909e+00
7.910731132057616577e+00
1.985736358758819620e+01
4.038687098652000707e+00
1.574175016394887372e+01
9.183878418196284699e+00
6.071869037706624894e+00
7.017650339195910192e+00
7.702890833744913124e+00
5.920870722673420516e+00
1.500086490969627029e+01
7.358205415795387339e+00
9.162440844906251769e+00
9.064277663940179863e+00
8.829010678908682408e+00
1.539352893399927424e+01
9.940160317005590329e+00
1.771113119546161485e+01
1.105551863887782460e+01
1.215295460522143145e+01
9.246151348307163786e+00
4.310536111298572948e+00
8.840853830593466967e+00
6.846894216690916579e+00
8.595087544956758308e+00
1.027088677232609726e+01
7.999492248762085644e+00
1.007736677949311321e+01
6.304995551554787525e+00
9.912926483458534221e+00
1.329923286661068893e+01
1.760323758876268840e+01
1.372281198571410776e+01
1.204775199198881452e+01
7.763024548687319282e+00
9.858053775637040772e+00
9.154060254333405311e+00
1.106143688609117426e+01
6.019796317607835512e+00
8.906163222425210080e+00
6.145531011066765359e+00
1.290283414910836157e+01
1.239967997529270605e+01
1.365804160943844003e+01
9.135514165058813418e+00
7.485866400738368398e+00
5.135933272541679528e+00
6.235328459021872938e+00
6.013213337433044536e+00
1.483207731792831829e+01
9.507269760831146499e+00
1.275410143701624222e+01
1.680108560901928527e+01
7.103569899242875074e+00
1.025725340807978903e+01
1.213267739665785960e+01
1.348111265457984764e+01
1.039445163765712365e+01
1.452939684398235443e+01
1.052603675243626569e+01
1.769283890454896380e+01
9.422735203294447359e+00
1.530726724458105537e+01
1.213257069669922039e+01
5.417961507504552188e+00
8.872654214644651205e+00
8.417580316373097560e+00
9.027535229788961502e+00
1.506842019252090736e+01
1.249601866490963076e+01
1.201242572007771692e+01
6.846030692665086903e+00
7.607830036837883725e+00
7.981335835508463816e+00
4.944497658416193708e+00
5.309237553336057402e+00
4.713725446511374706e+00
9.165262908064981673e+00
9.052233822151483977e+00
8.142034664365114693e+00
7.421886348093202912e+00
1.147916365421731122e+01
1.475318773902307790e+01
7.803819575930209140e+00
1.118301372186998854e+01
1.078756243603167597e+01
1.537148398519511439e+01
1.001691287370600136e+01
5.333267410916365137e+00
1.149740215388404074e+01
1.585054645001924811e+01
5.949876079754607971e+00
1.659665845510076920e+01
1.283419946052673666e+01
6.147746849537923275e+00
9.225374311219013634e+00
1.491769483253521145e+01
1.397817129424219118e+01
1.026568152274344037e+01
6.656577957208157592e+00
9.985433146324409037e+00
8.799528176835442750e+00
9.075209407567779607e+00
8.458513276446005591e+00
7.900118054117347910e+00
5.376651842967807404e+00
1.030122647852114603e+01
1.367396584429857143e+01
6.886780828793372500e+00
5.893362310324945952e+00
6.603393968860667762e+00
6.958386318321988284e+00
1.234309965080788629e+01
1.143384588538911117e+01
1.137527198156296038e+01
1.283651324499881419e+01
5.649094712570054355e+00
4.336394932283414327e+00
5.719936947421944140e+00
8.876125100974913806e+00
9.029051112283990932e+00
6.831710681759243009e+00
9.974847655428021653e+00
7.052818377799575877e+00
7.626470847866505309e+00
6.809936244719198228e+00
1.034727400113960449e+01
5.830586329463588235e+00
6.851909260284753778e+00
7.777607135110114811e+00
4.992605015370216393e+00
8.996612832675459970e+00
4.976179456615428265e+00
8.449336301300444774e+00
5.233522354495944384e+00
6.650991184436469084e+00
9.245291779918202835e+00
1.417968076466582161e+01
1.224926540995415891e+01
8.445710165743816944e+00
7.543247735271100041e+00
1.109075635413136851e+01
1.148988766581673460e+01
8.288514908576525286e+00
6.310256362541704078e+00
1.096026651251322548e+01
8.716896876467227884e+00
6.482588429278736797e+00
1.121249555656580377e+01
1.188265601813544770e+01
5.692133884669434707e+00
8.549276153166415426e+00
6.029471302730884830e+00
1.101557674892887384e+01
1.009515129288388202e+01
1.890203618859212753e+01
9.387918640182380869e+00
6.426985479978949201e+00
9.817808624945703500e+00
8.856137827459285461e+00
1.087607453244075195e+01
1.110974149752024864e+01
9.037940184624202899e+00
6.755453244318494477e+00
1.191335858945177328e+01
9.628339499146470359e+00
